USE_TRANSPORT_MODEL = F
NS = 6
GEOMETRY_FLAG = 1
USE_BPER = T
USE_BPAR = T
KYGRID_MODEL = 1
NKY = 1
KY = 0.22609846863812139
SAT_RULE = 1
ADIABATIC_ELEC = F
BETAE = 0.02
XNUE = 0.03306769038143737
ZEFF = 2.7968410845213967
NBASIS_MAX = 4
NBASIS_MIN = 2
NXGRID = 32
USE_MHD_RULE = F
WRITE_WAVEFUNCTION_FLAG = 1
ZS_1 = -1.0
MASS_1 = 0.0002724437107605002
RLNS_1 = 1.099516787430865
RLTS_1 = 1.594193266354108
TAUS_1 = 1.0
AS_1 = 1.0
VPAR_1 = 0.0
VPAR_SHEAR_1 = -0.0
ZS_2 = 1.0
MASS_2 = 1.0
RLNS_2 = 1.1038890186664718
RLTS_2 = 1.8328880778956604
TAUS_2 = 1.031441236194513
AS_2 = 0.42252661705864236
VPAR_2 = 0.0
VPAR_SHEAR_2 = -0.0
RMIN_LOC = 0.64257292736641
RMAJ_LOC = 1.9601927232741403
ZMAJ_LOC = 0.0
KX0_LOC = 0.0
Q_LOC = 3.532410590000001
Q_PRIME_LOC = 37.69866114849562
KAPPA_LOC = 1
S_KAPPA_LOC = 0
DELTA_LOC = 0
S_DELTA_LOC = 0.0
ZETA_LOC = 0.0
S_ZETA_LOC = 0.0
DRMAJDX_LOC = -0.4035594653647496
P_PRIME_LOC = -0.032904711466584385
THETA_TRAPPED = 0.7
MASS_3 = 1.4976017008888365
ZS_3 = 1.0
AS_3 = 0.37272317809054833
TAUS_3 = 1.031441236194513
RLTS_3 = 1.8328880778956604
RLNS_3 = 1.0330147655729207
VPAR_3 = 0.0
VPAR_SHEAR_3 = -0.0
MASS_4 = 2.000992991479094
ZS_4 = 2.0
AS_4 = 0.0008849903917240308
TAUS_4 = 81.11125644321899
RLTS_4 = 0.3779009078174903
RLNS_4 = 7.178163207089973
VPAR_4 = 0.0
VPAR_SHEAR_4 = -0.0
MASS_5 = 65.53252047094033
ZS_5 = 54.0
AS_5 = 0.0005669839175328201
TAUS_5 = 1.031441236194513
RLTS_5 = 1.8328880778956604
RLNS_5 = 1.159527157511383
VPAR_5 = 0.0
VPAR_SHEAR_5 = -0.0
MASS_6 = 2.000992991479094
ZS_6 = 2.0
AS_6 = 0.0861815560699016
TAUS_6 = 1.031441236194513
RLTS_6 = 1.8328880778956604
RLNS_6 = 1.1595207417604951
VPAR_6 = 0.0
VPAR_SHEAR_6 = -0.0
VEXB_SHEAR = -0.0
